11 12
13 15
14 24
16 29
19 39
21 47
23 59
25 70
27 76
29 84
29 89
29 95
31 101
31 106
33 112
33 117
35 125
37 134
39 140
41 145
43 151
43 156
43 162
44 165
44 166
44 168
44 169
45 170
44 165
38 158
33 149
29 144
25 138
23 133
21 129
20 126
19 122
18 121
18 118
18 115
18 110
18 105
24 100
31 98
31 104
31 110
31 117
31 124
31 128
31 131
31 134
31 137
31 138
31 139
31 140
30 141
29 141
28 141
26 141
23 141
22 141
20 141
18 141
15 141
14 141
12 141
11 141
7 141
3 141
-4 141
-9 141
-15 141
-23 141
-31 140
-34 138
-39 136
-40 135
-42 133
-42 130
-43 127
-45 119
-45 113
-45 106
-45 102
-45 94
-45 91
-45 88
-42 84
-31 79
-17 75
-2 73
19 70
37 67
50 65
64 65
73 65
75 65
76 65
77 65
78 67
78 71
80 76
80 82
82 90
82 98
82 109
82 118
82 127
82 135
82 143
82 149
82 154
82 157
82 160
82 163
82 165
80 166
80 167
79 171
79 172
77 174
76 174
71 174
68 174
65 174
63 174
61 173
61 170
59 164
59 159
59 148
59 138
59 127
63 116
71 103
80 94
91 85
108 74
123 66
146 64
160 61
180 61
193 61
205 61
215 67
224 76
226 80
226 86
228 94
228 101
228 110
223 120
217 131
212 139
201 152
191 160
178 168
158 177
139 182
109 189
86 192
52 195
25 195
-2 195
-24 195
-41 191
-49 189
-55 184
-60 176
-63 169
-65 161
-68 150
-70 139
-70 129
-70 118
-70 110
-70 101
-69 94
-64 89
-55 85
-44 82
-26 82
-2 82
23 82
47 82
72 87
89 94
101 100
110 106
114 110
116 115
118 118
118 121
118 126
118 129
118 132
118 135
119 137
119 139
119 141
122 143
122 145
122 146
122 148
121 148
120 148
119 148
117 148
117 145
115 142
115 139
115 134
115 129
115 127
115 124
115 123
116 123
117 123
118 123
119 125
121 128
121 130
121 134
121 137
121 140
121 145
121 148
121 153
120 158
118 160
116 166
115 169
113 170
113 171
113 172
114 172
113 170
111 169
110 168
109 167
109 164
109 161
109 158
111 156
114 154
117 153
123 153
126 153
127 153
131 153
133 156
134 159
134 163
134 167
134 170
134 173
134 176
134 179
134 182
134 185
134 187
134 188
133 186
132 182
131 177
129 173
127 168
125 160
125 152
125 144
125 136
125 131
125 123
125 117
128 111
133 106
136 104
138 102
144 100
146 99
148 98
151 98
152 98
153 98
154 99
154 100
153 101
148 101
145 101
142 101
140 101
137 101
136 101
134 101
131 100
128 97
126 95
126 89
127 87
136 83
147 81
159 81
168 81
176 81
182 84
187 87
188 90
188 98
188 103
188 111
188 119
188 125
184 133
179 140
171 147
160 151
144 158
123 163
99 168
76 171
54 171
37 171
27 171
24 171
22 171
20 168
16 163
14 156
12 150
8 142
6 132
4 123
4 112
4 103
6 94
15 85
29 81
53 75
86 71
119 71
141 71
160 76
169 80
176 83
180 88
182 95
183 101
183 106
183 112
183 117
183 122
183 125
183 128
183 131
181 133
179 135
176 137
165 139
152 139
134 139
106 139
76 139
52 139
37 139
27 138
22 136
19 134
19 132
17 129
17 124
17 118
17 113
17 107
23 102
34 100
48 98
61 96
81 96
103 96
120 96
134 99
143 102
147 106
151 110
151 113
151 116
151 119
151 122
151 123
151 126
151 127
151 129
148 133
146 133
141 133
132 133
123 133
112 133
104 133
103 133
101 133
100 131
99 127
97 121
95 113
95 106
95 100
102 90
118 85
145 78
180 78
215 78
251 78
273 87
292 92
304 99
311 106
313 112
313 120
313 129
313 136
313 143
306 151
298 158
287 160
272 162
241 166
198 166
154 166
111 166
73 166
51 166
32 161
25 160
19 155
18 154
16 148
13 143
12 136
12 128
10 119
10 114
10 109
12 104
17 102
28 100
39 100
52 100
65 101
77 108
85 114
88 121
92 127
94 136
96 141
96 149
96 155
96 158
96 163
96 164
96 166
96 167
96 168
96 169
95 167
95 163
91 153
90 146
88 135
88 127
88 117
88 106
88 95
93 89
106 81
117 79
131 76
144 76
155 76
158 76
162 78
162 79
163 83
163 88
163 93
163 99
163 104
162 110
156 117
147 126
135 133
109 143
76 146
37 149
-5 153
-35 153
-59 153
-66 153
-69 153
-70 153
-72 151
-75 146
-75 140
-77 133
-77 122
-77 116
-76 108
-67 99
-57 89
-35 81
-5 74
29 68
57 68
84 68
97 68
105 68
112 70
115 72
115 74
115 77
115 83
115 87
115 92
114 96
111 100
109 103
108 105
108 106
107 107
105 108
104 111
99 112
94 114
88 114
77 116
74 116
67 118
63 118
59 118
56 118
55 118
53 118
52 118
51 118
49 118
47 118
45 117
45 116
53 115
69 115
88 115
113 115
126 115
134 115
139 115
141 116
142 118
142 121
142 126
142 129
142 134
142 139
142 145
142 148
141 151
139 154
138 157
136 159
134 161
128 163
126 163
124 163
122 160
120 157
118 153
117 147
115 144
113 141
113 139
112 136
112 133
112 132
112 129
112 126
112 123
112 121
112 117
111 117
110 117
107 117
106 117
104 115
103 114
100 112
96 109
94 108
92 107
90 104
89 102
89 101
89 98
88 96
88 95
88 94
86 91
86 89
85 88
85 87
85 85
84 85
84 89
82 99
79 108
76 124
70 136
66 147
60 157
55 164
50 172
48 174
47 175
46 175
45 175
40 173
39 170
39 162
39 156
39 148
39 140
46 131
54 121
72 114
93 105
119 99
149 92
174 89
190 87
199 87
210 87
216 88
218 90
219 93
219 99
221 104
221 111
221 117
221 121
221 126
221 129
221 132
221 134
219 137
218 138
217 139
212 144
209 146
201 146
195 146
184 148
174 148
166 148
158 148
155 148
153 148
152 147
151 146
149 145
148 143
146 142
146 141
146 139
144 135
144 132
144 129
144 124
149 119
165 114
179 112
196 110
220 110
233 110
243 118
251 125
254 135
260 151
260 164
260 176
260 191
260 201
256 211
253 216
250 220
247 224
243 226
238 228
227 228
211 228
175 228
142 225
102 218
64 207
29 197
3 184
-14 173
-23 164
-28 156
-30 146
-32 137
-32 127
-32 119
-32 109
-32 104
-26 94
-17 84
-12 78
-1 73
12 69
32 63
53 58
65 58
77 58
86 58
94 60
96 62
98 64
101 69
104 74
104 79
104 84
104 87
104 90
104 94
104 98
104 104
103 110
99 113
95 119
87 126
77 131
63 136
52 140
39 143
30 143
28 143
25 143
23 143
22 143
21 142
19 139
18 138
17 134
15 128
15 127
15 120
15 114
23 105
39 96
65 87
90 77
116 74
139 71
152 71
159 71
160 71
162 72
162 73
162 75
164 83
164 88
164 96
164 104
164 112
164 117
163 126
159 132
156 139
150 145
137 152
125 157
111 159
100 161
87 161
79 161
68 155
58 150
49 141
40 132
33 122
26 113
21 106
17 100
15 96
13 91
13 88
13 85
13 81
13 77
22 72
34 67
49 60
68 56
81 55
96 52
104 52
111 52
113 52
115 54
117 57
119 65
121 74
121 82
121 88
121 98
121 106
121 114
120 122
118 130
114 136
110 140
108 143
108 144
107 144
107 145
104 145
103 145
102 144
102 143
101 140
101 139
98 134
97 132
96 127
